
 341142	
 342562	
 370266	
 371240	
 371241 
 371270	
 371312	
 371318	
 371331	
 371340	
 371348	
 371380	
 371389	
 371403	
 371512	
 371515	
 371525	
 371530	
 371537	
 371538	
 371543	
 371549	
 371553 
 371556 
 371559	
 371560	
 371566	
 371567	
 371571	
 371576	
 371700	
 371701	
 371702	
 371704	
 371706	
 371708	
 371725	
 371726	
 371727	
 371736	
 371737	
 371741	
 371746	
 371754	
 371758	
 371826	
 371867	
 372077	
 372170	
 372312	
 372321	
 372341	
 372342	
 372358	
 372379	
 372392	
 372395	
 372397	
 372408	
 372448	
 372523	
 372525	
 372527	
 372528 
 372532	
 372533 
 372557	
 372559	
 372583	
 372584	
 372588	
 372589	
 372684	
 372715	
 372720	
 372725	
 372738	
 372741	
 372760	
 372794	
 372813	
 372816	
 372837	
 372878	
 372890	
 372898	
 373039	
 373128	
 373137	
 373190	
 373216	
 373278	
 373470	
 373497	
 373498	
 373728	
 373735	
 373737	
 374322	
 374350	
 374355	
 374391	
 374629	
 374632	
 374716	
 374720	
 376730	
 376731	
 376740	
 376746	
 376750 
 376762 
 376767	
 376770	
 376772	
 376781 
 376790 
 376792	
 377212	
 377214	
 377229 
 377231	
 377232	
 377234	
 377239	
 377240	
 377257	
 377262	
 377264	
 377266	
 377267	
 377269	
 377289	
 377292	
 377293	
 377295	
 377297	
 377299	
 378201	
 378260	
 378264	
 378266	
 378296	
 378312	
 378340	
 378360	
 378363	
 378727	
 378750	
 379362	
 379443	
 379470	
 379483	
 379486	
 379607	
 379611 
 379616	
 379617	
 379626	
 379643	
 379651	
 379715	
 379728	
 379734	
 379744	
 400022	
 400177	
 400218	
 400344	
 400388	
 400390	
 400544	
 400548	
 400614	
 400998	
 401105	
 401108	
 401154	
 401171	
 401174	
 401197	
 401350	
 401378	
 401398	
 401538	
 401719	
 401723	
 401777	
 401804	
 401901	
 401940	
 401982	
 402017	
 402020	
 402047	
 402049	
 402066	
 402140	
 402173	
 402203	
 402400	
 402411	
 402464	
 402650	
 402707	
 402826	
 402944	
 403116	
 403121	
 403142	
 403160	
 403164	
 403213	
 403216	
 403240	
 403283	
 403284	
 403461	
 403486	
 403490	
 403493	
 403495	
 403497	
 403623	
 403647	
 403655	
 403690	
 403710	
 403766	
 403769	
 403784	
 403808	
 403995	
 404206	
 404389	
 404507	
 404594	
 404601	
 404658	
 404673	
 404688	
 405345	
 405385	
 405425	
 405428	
 405494	
 405610	
 405818	
 405902	
 406019	
 406021	
 406032	
 406041	
 406042	
 406043	
 406045	
 406049	
 406050	
 406053	
 406068	
 406076	
 406080	
 406095	
 406315	
 406498	
 407050	
 407057	
 407110	
 407166	
 407204	
 407221	
 407714	
 407715	
 407807	
 407871	
 407892	
 407928	
 408104	
 408106	
 408161	
 408185	
 408530	
 408540	
 408577	
 408620	
 408687	
 409153	
 409259	
 409263	
 409311	
 409483	
 409486	
 409531	
 409609	
 409970	
 409982	
 410063 
 410118	
 410280 
 410489	
 410791	
 410839	
 410843	
 410894	
 410998	
 411079	
 411399	
 411507	
 411583	
 411770 
 411773 
 411777	
 411816	
 412025	
 412039	
 412042	
 412061	
 412134	
 412141	
 412174	
 412185	
 412451	
 412453	
 412712	
 412757	
 412775	
 412781	
 412800	
 413022	
 413366	
 413491	
 413498	
 413571	
 413572	
 413574 
 413577	
 413602	
 413753	
 413757	
 413900	
 413966	
 414221	
 414314	
 414382	
 414434	
 414446	
 414449	
 414580	
 414707	
 414709	
 414711	
 414718	
 414720	
 414721	
 414729	
 414730	
 414734	
 414737	
 414740	
 414750	
 414773	
 414776	
 414778	
 414781	
 414930	
 415342	
 415359	
 415417	
 415557	
 415560	
 415594	
 415710	
 415711	
 415726	
 415786	
 415793	
 415853	
 415874	
 415894	
 415967	
 415975	
 415977	
 415982	
 416047	
 416085	
 416422	
 416818	
 416832	
 416838	
 416844	
 417008	
 417094	
 418505	
 418524	
 418545	
 418546	
 418621	
 418646	
 418802	
 419002	
 419027	
 419047	
 419048	
 419310	
 419402	
 419494	
 419993	
 420027	
 420202	
 420206	
 420272	
 420718	
 420719	
 420767	
 420785	
 420973	
 420992	
 421002	
 421010	
 421075	
 421704	
 421712	
 421763 
 422329	
 422373	
 422400	
 422438	
 422477	
 422486	
 422749	
 422834	
 422921	
 423171	
 423340	
 423568	
 423602	
 423729	
 423731	
 423817	
 423829	
 423884	
 423904	
 423908	
 423910	
 423974	
 423999	
 424604	
 424631	
 424721	
 425031 
 425038	
 425331	
 425380	
 425421	
 425599	
 425627 
 425637	
 425788	
 425808	
 425816	
 425828	
 425838	
 425907	
 425908 
 426207	
 426245	
 426414	
 426428 
 426448	
 426451	
 426452	
 426465	
 426545	
 426550	
 426603	
 426615	
 426628	
 426629	
 426650 
 426681	
 426684	
 426685	
 426690	
 426692	
 426779	
 426936	
 426960	
 427088	
 427138	
 427178	
 427509	
 427514	
 427535	
 427538	
 428038	
 428208	
 428703	
 428732	
 428733	
 429123	
 429162	
 429164	
 429176	
 429371	
 429420	
 429475	
 429819	
 429984	
 430023	
 430064	
 430326	
 430500	
 430572	
 430586	
 430587	
 430594	
 430605	
 430612	
 430623	
 430627	
 430628	
 430644	
 430657	
 430675	
 430679	
 430839	
 430854	
 430858	
 430914	
 431196	
 431230	
 431231	
 431243	
 431303	
 431307	
 431308	
 431351	
 431352	
 431371	
 431406	
 431471	
 431568	
 431692	
 432371 
 432374	
 432376 
 432383	
 432384	
 432522	
 432548	
 432624	
 432626	
 432628	
 432630	
 432692	
 432739	
 432747	
 432749	
 432855	
 432876	
 432881	
 433006	
 433199	
 433214	
 433443	
 433477	
 433576	
 433718	
 433759	
 433793	
 433852	
 433993	
 434159	
 434167	
 434198	
 434217	
 434254	
 434256 
 434258	
 434260	
 434271	
 434287	
 434443	
 434471	
 434769	
 435140	
 435142	
 435157	
 435173	
 435179	
 435237	
 435272	
 435541	
 435544 
 435549	
 435577	
 435583	
 435603	
 435619	
 435643	
 435680	
 435685	
 435687	
 435688	
 435702	
 435760	
 435794	
 435807	
 435880	
 435921	
 435925	
 435983	
 436181	
 436614	
 436616	
 436618	
 436668	
 436698	
 436802	
 437303	
 437306	
 437309	
 438460	
 438506	
 438688	
 438763	
 438838	
 438852	
 438854	
 438857	
 438864	
 438954	
 438972	
 439497	
 439707	
 439878	
 439916	
 440168	
 440182	
 440203	
 440215	
 440318	
 440336	
 440348	
 440358	
 440373	
 440374	
 440417	
 440843	
 441103 
 441105	
 441251	
 441276	
 441281 
 441301	
 441413	
 441433	
 441465	
 441477	
 441711	
 441712	
 441716	
 441802	
 441811	
 441840	
 441843	
 441938	
 442212	
 442218	
 442326	
 442505	
 442521	
 442624 
 442630	
 442642	
 442644	
 442657	
 442695	
 442714	
 442732	
 442742	
 442743	
 442755 
 442777	
 442787 
 442793 
 442795	
 442796	
 442813	
 442828	
 442850	
 442868	
 442916	
 442959	
 443041	
 443044	
 443045	
 443047	
 443049	
 443051	
 443057	
 443112	
 443178	
 443238	
 443244	
 443264	
 443389	
 443500	
 443512	
 443547	
 443576	
 443581	
 443589	
 443597	
 443619	
 444296	
 444395	
 444796	
 444798	
 444907	
 444970	
 445004	
 445171	
 445208	
 445220	
 445253	
 445254	
 445256	
 445320	
 445357	
 445372	
 445379	
 445423	
 445785	
 445990	
 445999	
 446024	
 446053	
 446063	
 446332	
 446539 
 446542	
 446552	
 446568	
 446668	
 446749	
 446831	
 447089	
 447091	
 447207	
 447305	
 447307	
 447437	
 447452	
 447494	
 447619	
 447669	
 447672	
 447682	
 447789	
 447952	
 447971 
 447993	
 448034	
 448055	
 448110	
 448179	
 448195	
 448210	
 448224	
 448236	
 448241	
 448261	
 448275	
 448461	
 448500	
 448507	
 448513	
 448559	
 448585	
 448670	
 448775	
 448813	
 448815	
 448816	
 448819	
 448858	
 448873	
 448915	
 449074	
 449083	
 449111	
 449145	
 449163	
 449172	
 449210	
 449221	
 449228	
 449247	
 449257	
 449373	
 449404	
 449435	
 449443	
 449449	
 449465	
 449485	
 449497	
 449501	
 449503	
 449609	
 449613	
 449905	
 450379	
 450677	
 450952	
 451046	
 451048	
 451650	
 451667	
 451748	
 451805	
 452949	
 453233	
 453236	
 453241	
 453245	
 453249	
 453253	
 453270	
 453271	
 453279	
 453290	
 453296	
 453540	
 453598	
 453936	
 453945	
 453962	
 454324	
 454484	
 454591	
 454969	
 455492	
 455603	
 455689	
 455953	
 455974	
 456323	
 456331	
 456534	
 457078	
 458415	
 458436	
 459061	
 460149	
 460203	
 460213	
 460266	
 460282	
 460288	
 460419	
 460665	
 460675	
 460727	
 460753	
 460792	
 460820	
 460840	
 460848	
 460849	
 461000 
 461021	
 461046	
 461098	
 461100	
 461222	
 461608	
 461657	
 461691	
 462161	
 462406	
 463066	
 463097	
 463158	
 463288	
 463491	
 463550 
 463552	
 463564	
 463572 
 463575 
 463580	
 463581	
 463584 
 463588	
 463589	
 463675	
 463689	
 463962	
 463995	
 463997	
 464018	
 464303	
 464455	
 464875	
 464880	
 465156	
 465290	
 465345	
 465355	
 466135	
 466186	
 466188 
 466309	
 466801	
 467001	
 467010	
 467339	
 468017	
 468018	
 468451	
 468881	
 469065	
 469072	
 469090	
 469208	
 469227	
 469380	
 469488	
 469510	
 469513	
 470132	
 470134	
 470500	
 470712	
 471511	
 471515	
 471529	
 471563	
 471627	
 471632	
 471633	
 471634	
 471640	
 471651	
 471662	
 471670	
 471681	
 471684	
 471724	
 471727	
 471832	
 471853	
 471896	
 471925	
 471926	
 471937	
 471999	
 472513	
 472776	
 472777	
 473064	
 473079	
 473137	
 473157	
 473336	
 473477	
 473581	
 473622	
 473690	
 473691	
 473702 
 473764	
 473905	
 473956	
 474165 
 474255	
 474426	
 474440	
 474472 
 474476	
 474477 
 474484 
 474552	
 474622	
 474643	
 474665	
 475055	
 475056	
 475583	
 475634	
 475671	
 475824	
 476153	
 476164	
 476516	
 476546	
 476559	
 476900	
 477304	
 477327	
 477353	
 477778	
 477800	
 477801	
 477834	
 477857	
 478200	
 478380	
 478431	
 478499	
 478829	
 478975	
 479124	
 479144	
 479193	
 479213	
 479248	
 479271	
 479370	
 479403	
 479511	
 479826	
 479849	
 479851	
 479853	
 480011 
 480156	
 480158	
 480207	
 480209	
 480213	
 480228	
 480327	
 480398	
 480642	
 480691	
 480990	
 481110	
 481171	
 481581 
 481588	
 481959	
 482000	
 482163	
 482851	
 482853 
 482857	
 482860	
 482862	
 482864	
 483304	
 483312 
 483316	
 483323	
 483324	
 483332	
 483950	
 484509	
 484541	
 484575	
 484588	
 484594	
 484718	
 484735	
 485158	
 485237	
 485240	
 485284	
 485320	
 485340	
 485426	
 485583	
 485620	
 485631	
 485671	
 486123	
 486169	
 486185	
 486236	
 486310	
 486521	
 486560	
 486742	
 486748	
 486796	
 486827	
 486830 
 486854	
 486872	
 486895	
 486910	
 487090	
 487309	
 487452	
 488839	
 488889	
 488890	
 488893	
 488894	
 489208	
 489272	
 489657	
 489901	
 490056	
 490070	
 490071	
 490435	
 490755	
 490785	
 490798	
 490853	
 490896	
 491357	
 491629	
 491632	
 491639	
 491648	
 491681	
 491689	
 491986	
 492905	
 493171	
 493196	
 493371	
 494001	
 494159	
 494176	
 494340	
 494939	
 495430	
 498403	
 499002	
 499140	
 499165	
 499166	
 499182	
 510347	
 510371	
 510392	
 510560	
 510594	
 510617	
 510619	
 510683	
 510707	
 510732	
 510747	
 510774	
 510778	
 510782	
 510796	
 510805	
 510818	
 510828	
 510831	
 510840	
 510841	
 510921	
 510930	
 510933	
 510946	
 510982	
 510997	
 510999	
 511014	
 511028	
 511059	
 511079	
 511082	
 511100	
 511137	
 511145	
 511159	
 511165	
 511238	
 511320	
 511375	
 511392	
 511395	
 511398	
 511425	
 511516	
 511559	
 511560	
 511973	
 512025	
 512107	
 512257	
 512734	
 512992	
 514138	
 514149	
 514204	
 514215	
 514230	
 514292	
 514309	
 514378	
 514401	
 514406	
 514441	
 514476	
 514478	
 514519	
 514525	
 514573	
 514582	
 514609	
 514616	
 514629	
 514654	
 514685	
 514724	
 514741	
 514750	
 514759	
 514865	
 514874	
 514887	
 514888	
 514891	
 514987	
 515042	
 515050	
 515069	
 515142	
 515163	
 515241	
 515252	
 515255	
 515549	
 515550	
 515551	
 515563	
 515597	
 515599	
 515664	
 515735	
 515922	
 515937	
 516693	
 516724	
 517099	
 517305	
 517545	
 517547	
 517552	
 517561	
 517572	
 517573	
 517594	
 517760	
 517800	
 517805	
 517862	
 517869	
 517895	
 518081	
 518337	
 518445	
 518653	
 519280	
 519285	
 519461	
 519667	
 519669	
 519960	
 520001	
 520118	
 520521	
 520595	
 521044	
 521105	
 521333	
 521591	
 521692	
 521730	
 521853	
 521969	
 521990	
 521991	
 521997	
 522279	
 522539	
 523678	
 523762	
 523828	
 523845	
 524038	
 524149	
 524366	
 524846	
 525307	
 526218	
 526219	
 526222	
 526224	
 526225	
 526226	
 526228	
 526229	
 526232	
 526835	
 527368	
 527395	
 527513	
 527515	
 527517	
 527518	
 527519	
 527520	
 527523	
 528210	
 528715	
 528730	
 528852	
 528942	
 529108	
 529115	
 529149	
 529569	
 529712	
 530048	
 530327	
 530706	
 530860	
 531106	
 531250 
 531254	
 531255	
 531257 
 531262	
 531265	
 531266 
 531903	
 532030	
 532138	
 532220	
 532254	
 532418	
 532497	
 532526	
 532528	
 532604	
 532624	
 532628	
 532901	
 532903	
 532905	
 532906	
 532912	
 533248	
 533355	
 533706	
 533732	
 534013	
 534466	
 534869	
 534875	
 535450	
 535875	
 536116	
 536165	
 536208	
 536225	
 536227	
 536339	
 536990	
 537021	
 537160	
 537167	
 537170	
 537800	
 537811	
 537975	
 538043	
 538573	
 539641	
 539680	
 539736	
 539763	
 539765	
 540168	
 540219	
 540313	
 540324	
 540385	
 540404	
 540580	
 540633	
 540653	
 540724	
 540736	
 540791	
 540792	
 540818	
 540880	
 540997	
 541005	
 541039	
 541065	
 541413	
 541630	
 541660	
 541711	
 542001	
 542039	
 542418	
 542421	
 542432	
 542800	
 543069	
 543121	
 543237	
 543240	
 543337	
 543435	
 543601	
 543805	
 543957	
 544045	
 544161	
 544303	
 544330	
 544340	
 544368	
 544400	
 544559	
 544579	
 544602	
 544632	
 544643	
 544799	
 544927 
 545236	
 545237	
 545238	
 545300	
 545301	
 545303	
 545313	
 545448	
 545493	
 545510	
 545534	
 545535	
 545537	
 545669	
 545883	
 545926	
 545952	
 545958	
 545965	
 545977	
 546027	
 546064	
 546125	
 546130	
 546174	
 546196	
 546213	
 546217	
 546267	
 546363	
 546370	
 546411	
 546421	
 546505	
 546528	
 546533	
 546540	
 546604	
 546616	
 546626	
 546630	
 546632 
 546638	
 546657	
 546700	
 547079	
 547216	
 547219	
 547221	
 547242	
 547363	
 547415	
 547497	
 547791	
 547813	
 547854	
 548009	
 548013	
 548029	
 548031	
 548042	
 548057	
 548853	
 548897	
 549033	
 549035	
 549050	
 549084	
 549092	
 549099	
 549104	
 549109	
 549110	
 549113	
 549123	
 549149	
 549170	
 549224	
 549292	
 549409	
 549447	
 549650	
 549694	
 550721	
 550750	
 550755	
 550761	
 550800	
 550802	
 550805	
 550860	
 550883	
 550890	
 550949	
 550970	
 551010	
 551057	
 551088	
 551094	
 551149	
 551158	
 551165	
 551166	
 551168	
 551209	
 551215	
 551248	
 551257	
 551263	
 551265	
 551300	
 551309	
 551336	
 551337	
 551338	
 551355	
 551357	
 551384	
 551423	
 551428	
 551478	
 551506	
 551519	
 551562	
 551571	
 551572	
 551605	
 551613	
 551627	
 551630	
 551641	
 551642	
 551647	
 551677	
 551679	
 551684	
 551686	
 551687	
 551697	
 551701	
 551703	
 551733	
 551737	
 551765	
 551811	
 551817	
 551820	
 551848	
 551859	
 552313	
 552318 
 552351	
 552356	
 552393	
 552426	
 552437	
 552475	
 552481	
 552492	
 552851	
 552952	
 553693 
 553743	
 553770	
 553822	
 553918	
 553929	
 555781	
 555987	
 556331	
 556709	
 556789	
 556824	
 556926	
 556931	
 557126	
 557127	
 557132	
 557268	
 557281	
 557552	
 557558	
 557615	
 557619	
 557621	
 558098	
 558158	
 558174	
 558206	
 558234	
 558250	
 558828	
 558967	
 558987	
 559033	
 559430	
 559436	
 559460	
601100	
601110	
601120	
601129 -
601136	
601138	
601140	
601149	
651621	
655066	
659524